$ 1 0.000005 10.20027730826997 50 5 50
L 112 272 64 272 0 0 false 5 0
L 112 336 64 336 0 1 false 5 0
L 112 400 64 400 0 1 false 5 0
L 112 128 64 128 0 0 false 5 0
M 576 192 624 192 0 2.5
M 576 352 624 352 0 2.5
x 102 99 260 102 4 24 rom/ram\sselect
x 581 152 653 155 4 24 rom\scs
x 586 323 658 326 4 24 ram\scs
x 99 242 180 245 4 24 /memrq
x 108 309 140 312 4 24 /wr
x 113 374 141 377 4 24 /rd
L 112 192 64 192 0 1 false 5 0
x 110 168 147 171 4 24 ihib
150 464 352 544 352 0 3 0 5
150 464 192 544 192 0 4 5 5
I 432 160 464 160 0 0.5 5
w 112 128 400 128 0
w 400 128 400 160 0
w 400 160 432 160 0
w 432 176 464 176 0
w 432 352 464 352 0
w 368 176 368 192 0
w 368 192 112 192 0
w 368 192 368 352 0
w 368 176 432 176 0
w 368 352 432 352 0
I 432 192 464 192 0 0.5 5
I 432 368 464 368 0 0.5 5
w 432 192 416 192 0
w 416 192 416 368 0
w 416 368 432 368 0
w 416 192 384 192 0
w 384 192 384 256 0
w 384 256 384 272 0
w 384 272 112 272 0
I 544 192 576 192 0 0.5 5
I 544 352 576 352 0 0.5 5
w 464 192 464 208 0
w 112 336 352 336 0
w 352 224 464 224 0
152 432 272 528 272 0 2 0 5
w 400 160 400 256 0
w 400 256 432 256 0
w 528 272 528 320 0
w 528 320 464 320 0
w 464 320 464 336 0
w 352 336 352 288 0
w 352 288 352 224 0
I 384 288 432 288 0 0.5 5
w 384 288 352 288 0
