$ 1 0.000005 10.20027730826997 50 5 50
L 208 208 208 160 0 0 false 5 0
L 144 208 144 160 0 0 false 5 0
L 80 208 80 160 0 0 false 5 0
185 576 112 656 112 0 2
L 576 112 560 112 0 1 false 5 0
152 368 336 464 336 0 4 0 5
w 464 336 608 272 0
w 464 608 640 272 0
150 272 320 352 320 0 3 0 5
150 272 384 352 384 0 3 0 5
150 272 256 352 256 0 3 0 5
w 352 320 368 320 0
w 368 304 352 256 0
x 112 142 182 145 4 24 ALOW
x 189 144 231 147 4 24 A15
x 31 141 107 144 4 24 AHIGH
w 144 384 144 400 0
w 144 368 144 384 0
w 144 336 144 368 0
w 144 320 144 336 0
w 144 304 144 320 0
w 144 272 144 304 0
w 144 256 144 272 0
w 144 240 144 256 0
w 144 208 144 240 0
w 208 208 208 240 0
w 208 240 208 256 0
w 208 256 208 272 0
w 208 272 208 304 0
w 208 304 208 320 0
w 208 320 208 336 0
w 208 336 208 368 0
w 208 368 208 384 0
w 208 384 208 400 0
w 80 208 80 240 0
w 80 240 80 256 0
w 80 256 80 272 0
w 80 272 80 304 0
w 80 304 80 320 0
w 80 320 80 336 0
w 80 336 80 368 0
w 80 368 80 384 0
w 80 384 80 400 0
I 240 528 272 528 0 0.5 5
I 240 544 272 544 0 0.5 5
w 208 240 272 240 0
w 272 272 80 272 0
I 240 256 272 256 0 0.5 5
w 240 256 144 256 0
I 240 592 272 592 0 0.5 5
w 144 320 272 320 0
I 240 304 272 304 0 0.5 5
I 240 336 272 336 0 0.5 5
w 240 304 208 304 0
w 240 336 80 336 0
I 240 672 272 672 0 0.5 5
I 240 368 272 368 0 0.5 5
w 240 368 208 368 0
w 272 384 144 384 0
w 272 400 80 400 0
w 352 384 368 352 0
150 272 448 352 448 0 3 0 5
w 352 448 368 368 0
w 352 720 368 640 0
150 272 720 352 720 0 3 0 5
w 352 656 368 624 0
w 368 576 352 528 0
w 352 592 368 592 0
150 272 528 352 528 0 3 0 5
150 272 656 352 656 0 3 0 5
150 272 592 352 592 0 3 0 5
152 368 608 464 608 0 4 0 5
w 208 400 208 432 0
w 208 432 208 448 0
w 208 448 208 464 0
w 208 464 208 512 0
w 208 512 208 528 0
w 208 528 208 544 0
w 208 544 208 576 0
w 208 576 208 592 0
w 208 592 208 608 0
w 208 608 208 640 0
w 208 640 208 656 0
w 208 656 208 672 0
w 208 672 208 704 0
w 144 704 144 720 0
w 144 672 144 704 0
w 144 656 144 672 0
w 144 640 144 656 0
w 144 608 144 640 0
w 144 592 144 608 0
w 144 576 144 592 0
w 144 544 144 576 0
w 144 528 144 544 0
w 144 512 144 528 0
w 144 464 144 512 0
w 144 448 144 464 0
w 144 432 144 448 0
w 144 400 144 432 0
w 80 720 80 736 0
w 80 704 80 720 0
w 80 672 80 704 0
w 80 656 80 672 0
w 80 640 80 656 0
w 80 608 80 640 0
w 80 592 80 608 0
w 80 576 80 592 0
w 80 544 80 576 0
w 80 528 80 544 0
w 80 512 80 528 0
w 80 464 80 512 0
w 80 448 80 464 0
w 80 432 80 448 0
w 80 400 80 432 0
w 272 512 208 512 0
w 240 528 144 528 0
w 240 544 80 544 0
w 272 576 208 576 0
w 240 592 144 592 0
w 272 608 80 608 0
w 272 640 208 640 0
w 272 656 144 656 0
w 240 672 80 672 0
w 208 432 272 432 0
w 272 448 144 448 0
w 272 464 80 464 0
w 272 704 208 704 0
w 144 720 272 720 0
w 272 736 80 736 0
